.Random.seed <-
c(403L, 10L, -787815710L, 923531197L, 744902711L, 1649728222L, 
-1476205032L, 606259579L, 1326940441L, 1922543016L, -1055960746L, 
-2046266927L, -903663229L, -418836462L, 1359840164L, -515935385L, 
-897972035L, -1113837516L, 570082202L, 878923749L, 2125454207L, 
-2125886714L, -95918960L, -388729549L, -745811247L, -832677760L, 
1296957790L, 1319630505L, -559242917L, -683988118L, -1166228980L, 
1017414223L, -2132447483L, 1127344060L, 1421656722L, 1718610317L, 
101241287L, -250711378L, 398646024L, -899036917L, -1583294487L, 
-1194102600L, 2030876518L, -1780755455L, -1868635501L, 976831810L, 
-186676492L, -1684621577L, 1878726381L, -358391420L, -2051936342L, 
1203811605L, 1180057519L, -1091694666L, 944043488L, -335377117L, 
-895458751L, 1939033392L, -1886828722L, 1791167929L, 1718218699L, 
-515431302L, -1745767044L, -262500929L, 988899989L, 31070380L, 
-913120638L, 1153116765L, -125035177L, 739778622L, -1070058376L, 
-569057445L, 734145209L, 1423582984L, 470212022L, 1336574705L, 
-1621998301L, 785260402L, 1863232964L, 996128135L, 1111357277L, 
1904056660L, 1399692154L, 1157356229L, -1658958817L, -457057370L, 
1355570480L, 404086739L, -1455763983L, -1606485216L, -2140113474L, 
-1453716023L, -364719749L, 91264842L, 96864172L, -1289122129L, 
413731941L, -1253098468L, 1278186098L, 411854061L, 344751399L, 
256092494L, -2094921304L, -1242100309L, 1469122249L, 796483288L, 
886965126L, 768235105L, -1309372429L, 1362469474L, -379595564L, 
-743606825L, 1603715021L, 951171940L, 1623744330L, 29279925L, 
-1929814513L, -78770410L, -1856742976L, 2065115523L, 2047266721L, 
-1479336048L, 417662062L, 1192079897L, 356022955L, 1736933018L, 
1849301596L, 1878435679L, 940767541L, -514254644L, -1332141534L, 
723795069L, 564700535L, -296924514L, 1228491096L, -1915457349L, 
-1221874087L, 746323432L, 1000343574L, 346190737L, 1964424259L, 
-1162464430L, -2036967452L, -1700403673L, -1969774979L, -1036099724L, 
-997330086L, -142449243L, -2113846849L, 575777350L, 1981933776L, 
310821619L, -219016175L, 736297536L, 595957278L, 2129215721L, 
-1173503461L, 512614954L, -1608276660L, 541222671L, 611076677L, 
46038012L, -1449278894L, 1300864973L, -880174713L, -738358162L, 
-775228344L, -1579200949L, 1303258025L, -2052461832L, 2108915238L, 
367605569L, 1048804563L, -183902078L, -164520268L, -490399177L, 
119071021L, -1632505276L, -1346064534L, 229497813L, -878207633L, 
1749911670L, 1796367264L, 101209187L, -783761151L, -833106832L, 
1760339982L, 766351481L, -51963893L, -438453958L, 798009404L, 
118783871L, 428078293L, 2114160876L, 1849246274L, -214530659L, 
1632575511L, 1936463230L, -1226429640L, 2004669467L, 636095865L, 
210525128L, 1467074550L, -2052830671L, 1655200867L, -5381070L, 
758555012L, 280938439L, -1302803811L, 1542781460L, 1759852730L, 
-1768094459L, 1894092511L, 1288491878L, -356781328L, -513650157L, 
-650986575L, -816929184L, 927359998L, 560102281L, -1010938693L, 
-964204406L, -630113428L, -534798097L, 801762085L, -1397746212L, 
983028658L, 1552382637L, 2132243047L, -1134782228L, -1031588780L, 
2005587730L, -1657375840L, -1746411572L, -1250333856L, 2049507522L, 
-1172437464L, -282520148L, 874458940L, -536871054L, 2034586416L, 
1469399588L, 865185848L, -237859622L, 1032241552L, 1670903548L, 
-1612443756L, 1132774210L, 465287680L, -1874599364L, 1986090576L, 
-1266175326L, 1360329544L, 1035401740L, -1059509028L, -1455279534L, 
697149568L, -714933420L, -656846360L, -1872549126L, -919972016L, 
701596716L, -1129310860L, 1214561938L, 1440201312L, 1277514380L, 
814328672L, -948391198L, 481212584L, 504328396L, 2047336956L, 
-393396302L, -462277136L, -156521020L, 112121688L, 1221720954L, 
1252801968L, -84033092L, -492437420L, 1179923394L, 257213216L, 
465713084L, 2016309840L, -412324382L, -229822104L, -1754960564L, 
-292945668L, 1737081586L, 1749454592L, -1096171916L, 910819336L, 
1679724986L, -1446105136L, -2016572948L, -604502124L, -2045676846L, 
-1487823264L, -93420212L, 142861600L, 213043842L, -53274136L, 
1018265580L, -1106794948L, -696433038L, -152605840L, 1290389796L, 
-954457544L, 1471355290L, -1675003440L, 2100422076L, -1934296940L, 
-1773251454L, 1154074048L, 1307085628L, -898143088L, -527787230L, 
1950840328L, -1044658932L, 143996316L, -2013065710L, -84337792L, 
1683600148L, 1474834728L, 1736983610L, 1794460624L, 880245356L, 
-895634892L, 1191705234L, -769669792L, -1489192628L, 9209824L, 
2067985826L, -1427065432L, 875812492L, -745669188L, -397488526L, 
-1731849232L, -268325308L, 500478040L, 565590074L, -1890426768L, 
302151740L, -1880170220L, -2049416510L, 516400864L, -880437124L, 
-2137704752L, 1501821346L, 1438042152L, 614894348L, -507065924L, 
430035762L, -1328719168L, 257633332L, -671232312L, 1131730106L, 
1457526416L, -652435732L, -179295660L, 468325010L, 904730912L, 
1360183756L, 226697952L, -1511640894L, -1423725528L, 955406252L, 
-98051396L, 894905330L, 55965232L, -2116862044L, 1119022520L, 
-1262737574L, 1638387856L, -1051927684L, 2086125844L, -1417660094L, 
-208232192L, 1616407996L, -83091120L, -1192969950L, -1697842616L, 
1299861516L, -1038911908L, -1065465390L, -1280512L, -936692396L, 
-150057752L, 1617355002L, -364665136L, -1886639316L, -1708101388L, 
-297363054L, 1126964576L, -1700541428L, 1270250720L, 377995874L, 
1584219304L, 1143094348L, -1325787268L, 668105010L, 1158574704L, 
-1103514812L, 2099008472L, 535061370L, 277907504L, -643223620L, 
-1296801196L, -371503038L, -1328697696L, 1796883132L, -833877040L, 
-1552384670L, 832937704L, 2118188236L, -911568388L, -1749246478L, 
1489364096L, 1150380532L, -686056824L, 920210234L, -1605178032L, 
1712335980L, 1003333012L, 779305042L, -823837216L, -1641704244L, 
-1157595488L, 140423554L, -1848903448L, 1546107628L, 689603900L, 
635228274L, 1227313776L, 1092905508L, -1028499400L, -981063398L, 
-1335016240L, 1092487484L, 1587921812L, 16430978L, -1920742464L, 
-674077124L, 1720476048L, -273819614L, 788669704L, 1924356236L, 
-859984100L, -412887918L, 1104819584L, -1882591212L, 736040744L, 
1449887290L, 1711428048L, 91199852L, -437193804L, 1250011666L, 
241856130L, -1817957392L, -1240347239L, -2062793845L, 1171959420L, 
-1019779926L, -533178657L, -1993986967L, 2118223486L, 231632492L, 
1757745853L, 1398509447L, -1505821840L, 1745324558L, 1521313595L, 
1777499165L, -164121398L, -1251086360L, -339247919L, 1133844675L, 
387215300L, 333917298L, 915047751L, 596719889L, -1494586218L, 
-918519308L, 1531458437L, 1822431951L, 1704888264L, -881643930L, 
1861992595L, -725598219L, -193848878L, -1479589344L, -1026540535L, 
458326331L, -1192115060L, 2125091098L, 1064421263L, 1468618969L, 
-1832732818L, 396914428L, 2136804461L, -1048946665L, 748200416L, 
1522814398L, -671550581L, 488989709L, 1337787450L, -67959688L, 
-1054207967L, 855554771L, -1049789964L, 203580034L, 1697840919L, 
-1750256159L, 927615782L, -258316764L, -1313726251L, 1913520255L, 
759321880L, 1764101174L, -1888169277L, -91406587L, 1000436386L, 
-1891606384L, 82866233L, -852147989L, 1408791004L, 1946671114L, 
-7313665L, -14895287L, -1569207074L, -1004662132L, 101144157L, 
-1258226585L, -1344908912L, -726109778L, -389012389L, -616532931L, 
-151291222L, -587069624L, 1965288305L, 1998007523L, -1868938268L, 
-867790062L, 101129959L, 1648306353L, 559893238L, 673041684L, 
735990309L, -1647960273L, -667705112L, 1115734470L, -726405005L, 
207198933L, -1116051278L, -182190976L, -636002199L, -104997669L, 
1005326380L, 1100369978L, -184242449L, -1119149703L, -1313952242L, 
-722055204L, 154847309L, -1865528393L, 444093760L, 1673253918L, 
-215067925L, -145900947L, -1564939558L, -562744680L, 1271025921L, 
860903091L, 952074708L, -969838366L, -1346008713L, 1953241281L, 
-1274010554L, -173429884L, -1479598795L, -258979041L, -2145567112L, 
-365894826L, -1941902877L, 970178469L, 1430199874L, -533912528L, 
-543082407L, 1306850763L, -973089220L, 2081482858L, 63091359L, 
-330023127L, -1044241474L, -1905896788L, -1741856771L, 467879751L, 
438151216L, 759505230L, 645466491L, 572419805L, 821045002L, 817413672L, 
1995597457L, -1338560893L, -713273468L, -855456334L, 293784327L, 
